"30-04-2024 11:00:00",12063,12.38,10.39,1054.0,2.8
"30-04-2024 11:10:00",12064,12.45,10.39,1054.0,2.8
"30-04-2024 11:20:00",12065,12.38,10.39,1054.0,2.7
"30-04-2024 11:30:00",12066,12.51,10.39,1054.0,2.7
"30-04-2024 11:40:00",12067,12.45,10.39,1054.0,2.8
"30-04-2024 11:50:00",12068,12.51,10.39,1054.0,2.7
"30-04-2024 12:00:00",12069,12.46,10.39,1054.0,3.0
"30-04-2024 12:10:00",12070,12.51,10.39,1054.0,2.9
"30-04-2024 12:20:00",12071,12.51,10.39,1054.0,2.8
"30-04-2024 12:30:00",12072,12.44,10.39,1054.0,3.0
"30-04-2024 12:40:00",12073,12.5,10.39,1054.0,3.1
"30-04-2024 12:50:00",12074,12.5,10.39,1054.0,3.1
"30-04-2024 13:00:00",12075,12.44,10.39,1054.0,3.2
"30-04-2024 13:10:00",12076,12.5,10.39,1054.0,3.0
"30-04-2024 13:20:00",12077,12.43,10.39,1054.0,2.8
"30-04-2024 13:30:00",12078,12.39,10.39,1054.0,2.9
"30-04-2024 13:40:00",12079,12.5,10.39,1054.0,3.0
"30-04-2024 13:50:00",12080,12.43,10.39,1054.0,2.9
"30-04-2024 14:00:00",12081,12.5,10.39,1054.0,3.0
"30-04-2024 14:10:00",12082,12.35,10.39,1054.0,2.9
"30-04-2024 14:20:00",12083,12.49,10.39,1054.0,2.9
"30-04-2024 14:30:00",12084,12.49,10.39,1054.0,3.0
"30-04-2024 14:40:00",12085,12.48,10.39,1054.0,2.9
"30-04-2024 14:50:00",12086,12.49,10.39,1054.0,2.9
"30-04-2024 15:00:00",12087,12.48,10.39,1054.0,2.9
"30-04-2024 15:10:00",12088,12.49,10.39,1054.0,2.9
"30-04-2024 15:20:00",12089,12.49,10.39,1054.0,3.1
"30-04-2024 15:30:00",12090,13.87,10.39,1054.0,3.2
"30-04-2024 15:40:00",12091,13.81,10.39,1054.0,3.1
"30-04-2024 15:50:00",12092,13.82,10.39,1054.0,2.9
"30-04-2024 16:00:00",12093,13.87,10.39,1054.0,2.8
"30-04-2024 16:10:00",12094,13.83,10.39,1054.0,2.8
"30-04-2024 16:20:00",12095,13.87,10.39,1054.0,2.8
"30-04-2024 16:30:00",12096,13.8,10.39,1054.0,2.7
"30-04-2024 16:40:00",12097,13.87,10.39,1054.0,2.7
"30-04-2024 16:50:00",12098,13.21,10.39,1054.0,2.6
"30-04-2024 17:00:00",12099,13.13,10.39,1054.0,2.6
"30-04-2024 17:10:00",12100,13.09,10.39,1054.0,2.6
"30-04-2024 17:20:00",12101,13.02,10.39,1054.0,2.8
"30-04-2024 17:30:00",12102,13.04,10.39,1054.0,3.7
"30-04-2024 17:40:00",12103,12.97,10.39,1054.0,3.5
"30-04-2024 17:50:00",12104,12.93,10.39,1054.0,3.3
"30-04-2024 18:00:00",12105,12.99,10.39,1054.0,3.0
"30-04-2024 18:10:00",12106,12.93,10.39,1054.0,2.9
"30-04-2024 18:20:00",12107,12.97,10.39,1054.0,2.9
"30-04-2024 18:30:00",12108,12.95,10.39,1054.0,2.8
"30-04-2024 18:40:00",12109,12.94,10.39,1054.0,2.8
"30-04-2024 18:50:00",12110,12.88,10.39,1054.0,2.7
"30-04-2024 19:00:00",12111,12.92,10.39,1054.0,2.7
"30-04-2024 19:10:00",12112,12.91,10.39,1054.0,2.7
"30-04-2024 19:20:00",12113,12.89,10.39,1054.0,2.7
"30-04-2024 19:30:00",12114,12.9,10.39,1054.0,2.7
"30-04-2024 19:40:00",12115,12.85,10.39,1054.0,2.6
"30-04-2024 19:50:00",12116,12.88,10.39,1054.0,2.6
"30-04-2024 20:00:00",12117,12.77,10.39,1054.0,2.6
"30-04-2024 20:10:00",12118,12.81,10.39,1054.0,2.6
"30-04-2024 20:20:00",12119,12.86,10.39,1054.0,2.7
"30-04-2024 20:30:00",12120,12.86,10.39,1054.0,2.8
"30-04-2024 20:40:00",12121,12.79,10.39,1054.0,2.8
"30-04-2024 20:50:00",12122,12.85,10.39,1054.0,2.7
"30-04-2024 21:00:00",12123,12.84,10.39,1054.0,2.7
"30-04-2024 21:10:00",12124,12.76,10.39,1054.0,2.7
"30-04-2024 21:20:00",12125,12.82,10.39,1054.0,2.6
"30-04-2024 21:30:00",12126,12.82,10.39,1054.0,2.6
"30-04-2024 21:40:00",12127,12.75,10.39,1054.0,2.6
"30-04-2024 21:50:00",12128,12.8,10.39,1054.0,2.6
"30-04-2024 22:00:00",12129,12.8,10.39,1054.0,2.6
"30-04-2024 22:10:00",12130,12.74,10.39,1054.0,2.6
"30-04-2024 22:20:00",12131,12.78,10.39,1054.0,2.6
"30-04-2024 22:30:00",12132,12.78,10.39,1054.0,2.5
"30-04-2024 22:40:00",12133,12.78,10.39,1054.0,2.5
"30-04-2024 22:50:00",12134,12.71,10.39,1054.0,2.5
"30-04-2024 23:00:00",12135,12.77,10.39,1054.0,2.5
"30-04-2024 23:10:00",12136,12.72,10.39,1054.0,2.5
"30-04-2024 23:20:00",12137,12.65,10.39,1054.0,2.5
"30-04-2024 23:30:00",12138,12.7,10.39,1054.0,2.5
"30-04-2024 23:40:00",12139,12.74,10.39,1054.0,2.5
"30-04-2024 23:50:00",12140,12.74,10.39,1054.0,2.5
"01-05-2024 00:00:00",12141,12.73,10.39,1054.0,2.5
"01-05-2024 00:10:00",12142,12.67,10.39,1054.0,2.5
"01-05-2024 00:20:00",12143,12.66,10.39,1054.0,2.5
"01-05-2024 00:30:00",12144,12.72,10.39,1054.0,2.5
"01-05-2024 00:40:00",12145,12.71,10.39,1054.0,2.5
"01-05-2024 00:50:00",12146,12.64,10.39,1054.0,2.5
"01-05-2024 01:00:00",12147,12.7,10.39,1054.0,2.4
"01-05-2024 01:10:00",12148,12.7,10.39,1054.0,2.4
"01-05-2024 01:20:00",12149,12.69,10.39,1054.0,2.4
"01-05-2024 01:30:00",12150,12.68,10.39,1054.0,2.4
"01-05-2024 01:40:00",12151,12.63,10.39,1054.0,2.4
"01-05-2024 01:50:00",12152,12.61,10.39,1054.0,2.4
"01-05-2024 02:00:00",12153,12.66,10.39,1054.0,2.4
"01-05-2024 02:10:00",12154,12.65,10.39,1054.0,2.4
"01-05-2024 02:20:00",12155,12.65,10.39,1054.0,2.4
"01-05-2024 02:30:00",12156,12.64,10.39,1054.0,2.4
"01-05-2024 02:40:00",12157,12.63,10.39,1054.0,2.4
"01-05-2024 02:50:00",12158,12.62,10.39,1054.0,2.4
"01-05-2024 03:00:00",12159,12.62,10.39,1054.0,2.4
"01-05-2024 03:10:00",12160,12.61,10.39,1054.0,2.4
"01-05-2024 03:20:00",12161,12.6,10.39,1054.0,2.4
"01-05-2024 03:30:00",12162,12.59,10.39,1054.0,2.4
"01-05-2024 03:40:00",12163,12.58,10.39,1054.0,2.4
"01-05-2024 03:50:00",12164,12.57,10.39,1054.0,2.4
"01-05-2024 04:00:00",12165,12.56,10.39,1054.0,2.4
"01-05-2024 04:10:00",12166,12.55,10.39,1054.0,2.4
"01-05-2024 04:20:00",12167,12.54,10.39,1054.0,2.4
"01-05-2024 04:40:00",12169,12.52,10.39,1054.0,2.4
"01-05-2024 04:50:00",12170,12.51,10.39,1054.0,2.4
"01-05-2024 05:00:00",12171,12.5,10.39,1054.0,2.4
"01-05-2024 05:10:00",12172,12.5,10.39,1054.0,2.4
"01-05-2024 05:20:00",12173,12.48,10.39,1054.0,2.4
"01-05-2024 05:30:00",12174,12.48,10.39,1054.0,2.4
"01-05-2024 05:40:00",12175,12.31,10.39,1054.0,2.4
"01-05-2024 05:50:00",12176,12.41,10.39,1054.0,2.4
"01-05-2024 06:00:00",12177,12.44,10.39,1054.0,2.3
"01-05-2024 06:10:00",12178,12.45,10.39,1054.0,2.3
"01-05-2024 07:10:00",12184,12.43,10.39,1054.0,2.4
"01-05-2024 07:20:00",12185,12.44,10.39,1054.0,2.4
"01-05-2024 09:30:00",12198,12.41,10.39,1054.0,2.3
"01-05-2024 09:40:00",12199,12.4,10.39,1054.0,2.3
"01-05-2024 09:50:00",12200,12.41,10.39,1054.0,2.3
"01-05-2024 10:00:00",12201,12.33,10.39,1054.0,2.3
"01-05-2024 10:10:00",12202,12.4,10.39,1054.0,2.4
"01-05-2024 10:20:00",12203,12.28,10.39,1054.0,2.4
"01-05-2024 10:30:00",12204,12.34,10.39,1054.0,2.4
"01-05-2024 10:40:00",12205,12.4,10.39,1054.0,2.4
"01-05-2024 10:50:00",12206,12.4,10.39,1054.0,2.4
"01-05-2024 11:00:00",12207,12.4,10.39,1054.0,2.4
"01-05-2024 11:10:00",12208,12.32,10.39,1054.0,2.4
"01-05-2024 11:20:00",12209,12.4,10.39,1054.0,2.4
"01-05-2024 11:30:00",12210,12.41,10.39,1054.0,2.4
"01-05-2024 11:40:00",12211,12.34,10.39,1054.0,2.4
"01-05-2024 11:50:00",12212,12.41,10.39,1054.0,2.4
"01-05-2024 12:00:00",12213,12.36,10.39,1054.0,2.4
"01-05-2024 12:10:00",12214,12.41,10.39,1054.0,2.4
"01-05-2024 12:20:00",12215,12.41,10.39,1054.0,2.4
"01-05-2024 12:30:00",12216,12.34,10.39,1054.0,2.4
"01-05-2024 12:40:00",12217,12.41,10.39,1054.0,2.4
"01-05-2024 12:50:00",12218,12.34,10.39,1054.0,2.4
"01-05-2024 13:00:00",12219,12.41,10.39,1054.0,2.4
"01-05-2024 13:10:00",12220,12.41,10.39,1054.0,2.4
"01-05-2024 13:20:00",12221,12.37,10.39,1054.0,2.4
"01-05-2024 13:30:00",12222,12.41,10.39,1054.0,2.4
"01-05-2024 13:40:00",12223,12.36,10.39,1054.0,2.4
"01-05-2024 13:50:00",12224,12.41,10.39,1054.0,2.3
"01-05-2024 14:00:00",12225,12.41,10.39,1054.0,2.4
"01-05-2024 14:10:00",12226,12.34,10.39,1054.0,2.3
"01-05-2024 14:20:00",12227,12.41,10.39,1054.0,2.3
"01-05-2024 14:30:00",12228,12.4,10.39,1054.0,2.3
"01-05-2024 14:40:00",12229,12.34,10.39,1054.0,2.3
"01-05-2024 14:50:00",12230,12.4,10.39,1054.0,2.3
"01-05-2024 15:00:00",12231,12.4,10.39,1054.0,2.3
"01-05-2024 15:10:00",12232,12.33,10.39,1054.0,2.3
"01-05-2024 15:20:00",12233,12.4,10.39,1054.0,2.3
"01-05-2024 15:30:00",12234,12.4,10.39,1054.0,2.3
"01-05-2024 15:40:00",12235,12.33,10.39,1054.0,2.3
"01-05-2024 15:50:00",12236,13.87,10.39,1054.0,2.3
"01-05-2024 16:00:00",12237,13.83,10.39,1054.0,2.3
"01-05-2024 16:10:00",12238,13.87,10.39,1054.0,2.3
"01-05-2024 16:20:00",12239,13.87,10.39,1054.0,2.3
"01-05-2024 16:30:00",12240,13.8,10.39,1054.0,2.3
"01-05-2024 16:40:00",12241,13.87,10.39,1054.0,2.3
"01-05-2024 16:50:00",12242,13.87,10.39,1054.0,2.3
"01-05-2024 17:00:00",12243,13.82,10.39,1054.0,2.3
"01-05-2024 17:10:00",12244,13.1,10.39,1054.0,2.3
"01-05-2024 17:20:00",12245,13.05,10.39,1054.0,2.3
"01-05-2024 17:30:00",12246,12.97,10.39,1054.0,2.3
"01-05-2024 17:40:00",12247,12.93,10.39,1054.0,2.3
"01-05-2024 17:50:00",12248,12.97,10.39,1054.0,2.3
"01-05-2024 18:00:00",12249,12.95,10.39,1054.0,2.3
"01-05-2024 18:10:00",12250,12.89,10.39,1054.0,2.3
"01-05-2024 18:20:00",12251,12.87,10.39,1054.0,2.3
"01-05-2024 18:30:00",12252,12.91,10.39,1054.0,2.3
"01-05-2024 18:40:00",12253,12.91,10.39,1054.0,2.3
"01-05-2024 18:50:00",12254,12.89,10.39,1054.0,2.3
"01-05-2024 19:00:00",12255,12.88,10.39,1054.0,2.3
"01-05-2024 19:10:00",12256,12.86,10.39,1054.0,2.3
"01-05-2024 19:20:00",12257,12.8,10.39,1054.0,2.3
"01-05-2024 19:30:00",12258,12.85,10.39,1054.0,2.3
"01-05-2024 19:40:00",12259,12.84,10.39,1054.0,2.3
"01-05-2024 19:50:00",12260,12.83,10.39,1054.0,2.3
"01-05-2024 20:00:00",12261,12.82,10.39,1054.0,2.3
"01-05-2024 20:10:00",12262,12.82,10.39,1054.0,2.3
"01-05-2024 20:20:00",12263,12.81,10.39,1054.0,2.3
"01-05-2024 20:30:00",12264,12.76,10.39,1054.0,2.3
"01-05-2024 20:40:00",12265,12.73,10.39,1054.0,2.3
"01-05-2024 20:50:00",12266,12.79,10.39,1054.0,2.3
"01-05-2024 21:00:00",12267,12.78,10.39,1054.0,2.2
"01-05-2024 21:10:00",12268,12.77,10.39,1054.0,2.3
"01-05-2024 21:20:00",12269,12.77,10.39,1054.0,2.3
"01-05-2024 21:30:00",12270,12.76,10.39,1054.0,2.3
"01-05-2024 21:40:00",12271,12.76,10.39,1054.0,2.2
"01-05-2024 21:50:00",12272,12.75,10.39,1054.0,2.2
"01-05-2024 22:00:00",12273,12.74,10.39,1054.0,2.2
"01-05-2024 22:10:00",12274,12.68,10.39,1054.0,2.3
"01-05-2024 22:20:00",12275,12.67,10.39,1054.0,2.3
"01-05-2024 22:30:00",12276,12.67,10.39,1054.0,2.3
"01-05-2024 22:40:00",12277,12.72,10.39,1054.0,2.2
"01-05-2024 22:50:00",12278,12.71,10.39,1054.0,2.2
"01-05-2024 23:00:00",12279,12.62,10.39,1054.0,2.3
"01-05-2024 23:10:00",12280,12.7,10.39,1054.0,2.3
"01-05-2024 23:20:00",12281,12.69,10.39,1054.0,2.3
"01-05-2024 23:30:00",12282,12.69,10.39,1054.0,2.3
"01-05-2024 23:40:00",12283,12.69,10.39,1054.0,2.3
"01-05-2024 23:50:00",12284,12.68,10.39,1054.0,2.3
"02-05-2024 00:00:00",12285,12.67,10.39,1054.0,2.3
"02-05-2024 00:10:00",12286,12.67,10.39,1054.0,2.3
"02-05-2024 00:20:00",12287,12.66,10.39,1054.0,2.3
"02-05-2024 00:30:00",12288,12.66,10.39,1054.0,2.3
"02-05-2024 00:40:00",12289,12.65,10.39,1054.0,2.3
"02-05-2024 00:50:00",12290,12.65,10.39,1054.0,2.3
"02-05-2024 01:00:00",12291,12.64,10.39,1054.0,2.3
"02-05-2024 01:10:00",12292,12.64,10.39,1054.0,2.3
"02-05-2024 01:20:00",12293,12.63,10.39,1054.0,2.3
"02-05-2024 01:30:00",12294,12.62,10.39,1054.0,2.3
"02-05-2024 01:40:00",12295,12.62,10.39,1054.0,2.3
"02-05-2024 01:50:00",12296,12.61,10.39,1054.0,2.3
"02-05-2024 02:00:00",12297,12.61,10.39,1054.0,2.3
"02-05-2024 02:10:00",12298,12.6,10.39,1054.0,2.3
"02-05-2024 02:20:00",12299,12.6,10.39,1054.0,2.3
"02-05-2024 02:30:00",12300,12.59,10.39,1054.0,2.3
"02-05-2024 02:40:00",12301,12.58,10.39,1054.0,2.3
"02-05-2024 02:50:00",12302,12.58,10.39,1054.0,2.3
"02-05-2024 03:00:00",12303,12.51,10.39,1054.0,2.3
"02-05-2024 03:10:00",12304,12.5,10.39,1054.0,2.3
"02-05-2024 03:20:00",12305,12.51,10.39,1054.0,2.3
"02-05-2024 03:30:00",12306,12.49,10.39,1054.0,2.3
"02-05-2024 03:40:00",12307,12.49,10.39,1054.0,2.3
"02-05-2024 03:50:00",12308,12.5,10.39,1054.0,2.3
"02-05-2024 04:00:00",12309,12.49,10.39,1054.0,2.3
"02-05-2024 04:10:00",12310,12.5,10.39,1054.0,2.3
"02-05-2024 04:20:00",12311,12.52,10.39,1054.0,2.3
"02-05-2024 04:30:00",12312,12.51,10.39,1054.0,2.3
"02-05-2024 04:40:00",12313,12.51,10.39,1054.0,2.3
"02-05-2024 04:50:00",12314,12.5,10.39,1054.0,2.3
"02-05-2024 05:00:00",12315,12.49,10.39,1054.0,2.3
"02-05-2024 06:00:00",12321,12.44,10.39,1054.0,2.3
"02-05-2024 06:10:00",12322,12.43,10.39,1054.0,2.2
"02-05-2024 09:30:00",12342,12.34,10.39,1054.0,2.2
"02-05-2024 09:40:00",12343,12.34,10.39,1054.0,2.2
"02-05-2024 09:50:00",12344,12.23,10.39,1054.0,2.2
"02-05-2024 10:00:00",12345,12.34,10.39,1054.0,2.2
"02-05-2024 10:10:00",12346,12.34,10.39,1054.0,2.3
"02-05-2024 10:20:00",12347,12.33,10.39,1054.0,2.3
"02-05-2024 10:30:00",12348,12.34,10.39,1054.0,2.3
"02-05-2024 10:40:00",12349,12.28,10.39,1054.0,2.3
"02-05-2024 10:50:00",12350,12.34,10.39,1054.0,2.3
"02-05-2024 11:00:00",12351,12.22,10.39,1054.0,2.3
"02-05-2024 11:10:00",12352,12.34,10.39,1054.0,2.3
"02-05-2024 11:20:00",12353,12.27,10.39,1054.0,2.3
"02-05-2024 11:30:00",12354,12.34,10.39,1054.0,2.3
"02-05-2024 11:40:00",12355,12.34,10.39,1054.0,2.3
"02-05-2024 11:50:00",12356,12.34,10.39,1054.0,2.3
"02-05-2024 12:00:00",12357,12.2,10.39,1054.0,2.3
"02-05-2024 12:10:00",12358,12.34,10.39,1054.0,2.3
"02-05-2024 12:20:00",12359,12.34,10.39,1054.0,2.3
"02-05-2024 12:30:00",12360,12.35,10.39,1054.0,2.3
"02-05-2024 12:40:00",12361,12.3,10.39,1054.0,2.3
"02-05-2024 12:50:00",12362,12.35,10.39,1054.0,2.3
"02-05-2024 13:00:00",12363,12.28,10.39,1054.0,2.3
"02-05-2024 13:10:00",12364,12.35,10.39,1054.0,2.3
"02-05-2024 13:20:00",12365,12.34,10.39,1054.0,2.3
"02-05-2024 13:30:00",12366,12.34,10.39,1054.0,2.2
"02-05-2024 13:40:00",12367,12.27,10.39,1054.0,2.2
"02-05-2024 13:50:00",12368,12.34,10.39,1054.0,2.2
"02-05-2024 14:00:00",12369,12.34,10.39,1054.0,2.2
"02-05-2024 14:10:00",12370,12.33,10.39,1054.0,2.2
"02-05-2024 14:20:00",12371,12.34,10.39,1054.0,2.2
"02-05-2024 14:30:00",12372,12.27,10.39,1054.0,2.2
"02-05-2024 14:40:00",12373,12.34,10.39,1054.0,2.2
"02-05-2024 14:50:00",12374,12.27,10.39,1054.0,2.2
"02-05-2024 15:00:00",12375,12.34,10.39,1054.0,2.2
"02-05-2024 15:10:00",12376,12.29,10.39,1054.0,2.2
"02-05-2024 15:20:00",12377,12.32,10.39,1054.0,2.2
"02-05-2024 15:30:00",12378,12.29,10.39,1054.0,2.2
"02-05-2024 15:40:00",12379,12.33,10.39,1054.0,2.2
"02-05-2024 15:50:00",12380,12.27,10.39,1054.0,2.2
"02-05-2024 16:00:00",12381,12.33,10.39,1054.0,2.2
"02-05-2024 16:10:00",12382,12.26,10.39,1054.0,2.2
"02-05-2024 16:20:00",12383,12.33,10.39,1054.0,2.2
"02-05-2024 16:30:00",12384,12.26,10.39,1054.0,2.2
"02-05-2024 16:40:00",12385,12.33,10.39,1054.0,2.2
"02-05-2024 16:50:00",12386,12.3,10.39,1054.0,2.2
"02-05-2024 17:00:00",12387,12.33,10.39,1054.0,2.2
"02-05-2024 17:10:00",12388,12.26,10.39,1054.0,2.2
"02-05-2024 17:20:00",12389,12.32,10.39,1054.0,2.2
"02-05-2024 17:30:00",12390,12.32,10.39,1054.0,2.2
"02-05-2024 17:40:00",12391,12.32,10.39,1054.0,2.2
"02-05-2024 17:50:00",12392,12.32,10.39,1054.0,2.2
"02-05-2024 18:00:00",12393,12.25,10.39,1054.0,2.2
"02-05-2024 18:10:00",12394,12.31,10.39,1054.0,2.2
"02-05-2024 18:20:00",12395,12.31,10.39,1054.0,2.2
"02-05-2024 18:30:00",12396,12.19,10.39,1054.0,2.2
"02-05-2024 18:40:00",12397,12.31,10.39,1054.0,2.2
"02-05-2024 18:50:00",12398,12.31,10.39,1054.0,2.2
"02-05-2024 19:00:00",12399,12.3,10.39,1054.0,2.2
"02-05-2024 19:10:00",12400,12.23,10.39,1054.0,2.2
"02-05-2024 19:20:00",12401,12.3,10.39,1054.0,2.2
"02-05-2024 19:30:00",12402,12.3,10.39,1054.0,2.2
"02-05-2024 19:40:00",12403,12.19,10.39,1054.0,2.2
"02-05-2024 19:50:00",12404,12.29,10.39,1054.0,2.2
"02-05-2024 20:00:00",12405,12.22,10.39,1054.0,2.2
"02-05-2024 20:10:00",12406,12.29,10.39,1054.0,2.2
"02-05-2024 20:20:00",12407,12.28,10.39,1054.0,2.2
"02-05-2024 20:30:00",12408,12.28,10.39,1054.0,2.2
"02-05-2024 20:40:00",12409,12.17,10.39,1054.0,2.2
"02-05-2024 20:50:00",12410,12.28,10.39,1054.0,2.2
"02-05-2024 21:00:00",12411,12.27,10.39,1054.0,2.2
"02-05-2024 21:10:00",12412,12.27,10.39,1054.0,2.2
"02-05-2024 21:20:00",12413,12.27,10.39,1054.0,2.2
"02-05-2024 21:30:00",12414,12.21,10.39,1054.0,2.2
"02-05-2024 21:40:00",12415,12.17,10.39,1054.0,2.2
"02-05-2024 21:50:00",12416,12.02,10.39,1054.0,2.2
"02-05-2024 22:10:00",12418,12.24,10.39,1054.0,2.2
"02-05-2024 22:20:00",12419,12.25,10.39,1054.0,2.2
"02-05-2024 22:30:00",12420,12.25,10.39,1054.0,2.2
"02-05-2024 22:40:00",12421,12.25,10.39,1054.0,2.3
"02-05-2024 22:50:00",12422,12.25,10.39,1054.0,2.2
"02-05-2024 23:00:00",12423,12.24,10.39,1054.0,2.2
"02-05-2024 23:10:00",12424,12.24,10.39,1054.0,2.2
"02-05-2024 23:20:00",12425,12.24,10.39,1054.0,2.2
"02-05-2024 23:30:00",12426,12.24,10.39,1054.0,2.2
"02-05-2024 23:40:00",12427,12.24,10.39,1054.0,2.2
"02-05-2024 23:50:00",12428,12.23,10.39,1054.0,2.2
"03-05-2024 00:00:00",12429,12.23,10.39,1054.0,2.2
"03-05-2024 00:10:00",12430,12.23,10.39,1054.0,2.2
"03-05-2024 00:20:00",12431,12.23,10.39,1054.0,2.2
"03-05-2024 00:30:00",12432,12.23,10.39,1054.0,2.2
"03-05-2024 00:40:00",12433,12.23,10.39,1054.0,2.2
"03-05-2024 00:50:00",12434,12.22,10.39,1054.0,2.2
"03-05-2024 01:00:00",12435,12.22,10.39,1054.0,2.2
"03-05-2024 01:10:00",12436,12.22,10.39,1054.0,2.2
"03-05-2024 01:20:00",12437,12.21,10.39,1054.0,2.2
"03-05-2024 01:30:00",12438,12.17,10.39,1054.0,2.2
"03-05-2024 01:40:00",12439,12.16,10.39,1054.0,2.2
"03-05-2024 01:50:00",12440,12.16,10.39,1054.0,2.2
"03-05-2024 02:00:00",12441,12.16,10.39,1054.0,2.3
"03-05-2024 02:10:00",12442,12.08,10.39,1054.0,2.3
"03-05-2024 02:20:00",12443,12.15,10.39,1054.0,2.3
"03-05-2024 02:30:00",12444,12.2,10.39,1054.0,2.3
"03-05-2024 02:40:00",12445,12.14,10.39,1054.0,2.3
"03-05-2024 02:50:00",12446,12.19,10.39,1054.0,2.3
"03-05-2024 03:00:00",12447,12.19,10.39,1054.0,2.3
"03-05-2024 03:10:00",12448,12.1,10.39,1054.0,2.3
"03-05-2024 03:20:00",12449,12.19,10.39,1054.0,2.3
"03-05-2024 03:30:00",12450,12.18,10.39,1054.0,2.3
"03-05-2024 03:40:00",12451,12.15,10.39,1054.0,2.3
"03-05-2024 03:50:00",12452,12.18,10.39,1054.0,2.3
"03-05-2024 04:00:00",12453,12.18,10.39,1054.0,2.3
"03-05-2024 04:10:00",12454,12.18,10.39,1054.0,2.3
"03-05-2024 04:20:00",12455,12.07,10.39,1054.0,2.3
"03-05-2024 04:30:00",12456,12.18,10.39,1054.0,2.3
"03-05-2024 04:40:00",12457,12.17,10.39,1054.0,2.3
"03-05-2024 04:50:00",12458,12.17,10.39,1054.0,2.3
"03-05-2024 05:00:00",12459,12.17,10.39,1054.0,2.3
"03-05-2024 05:10:00",12460,12.17,10.39,1054.0,2.2
"03-05-2024 05:20:00",12461,12.12,10.39,1054.0,2.2
"03-05-2024 06:00:00",12465,12.15,10.39,1054.0,2.3
"03-05-2024 06:10:00",12466,12.16,10.39,1054.0,2.3
"03-05-2024 06:40:00",12469,12.15,10.39,1054.0,2.3
"03-05-2024 08:10:00",12478,12.05,10.39,1054.0,2.3
"03-05-2024 09:30:00",12486,13.87,10.39,1054.0,2.2
"03-05-2024 09:40:00",12487,13.73,10.39,1054.0,2.2
"03-05-2024 09:50:00",12488,13.82,10.39,1054.0,2.2
"03-05-2024 10:00:00",12489,13.82,10.39,1054.0,2.2
"03-05-2024 10:10:00",12490,13.87,10.39,1054.0,2.2
"03-05-2024 10:20:00",12491,13.87,10.39,1054.0,2.2
"03-05-2024 10:30:00",12492,12.9,10.39,1054.0,2.2
"03-05-2024 10:40:00",12493,12.81,10.39,1054.0,2.2
"03-05-2024 10:50:00",12494,12.81,10.39,1054.0,2.2
"03-05-2024 11:00:00",12495,12.79,10.39,1054.0,2.2
"03-05-2024 11:10:00",12496,12.72,10.39,1054.0,2.2
"03-05-2024 11:20:00",12497,12.75,10.39,1054.0,2.2
"03-05-2024 11:30:00",12498,12.68,10.39,1054.0,2.3
"03-05-2024 11:40:00",12499,12.73,10.39,1054.0,2.3
"03-05-2024 11:50:00",12500,12.66,10.39,1054.0,2.3
"03-05-2024 12:00:00",12501,12.71,10.39,1054.0,2.3
"03-05-2024 12:10:00",12502,12.63,10.39,1054.0,2.3
"03-05-2024 12:20:00",12503,12.69,10.39,1054.0,2.3
"03-05-2024 12:30:00",12504,12.68,10.39,1054.0,2.2
"03-05-2024 12:40:00",12505,12.67,10.39,1054.0,2.2
"03-05-2024 12:50:00",12506,12.62,10.39,1054.0,2.3
"03-05-2024 13:00:00",12507,12.54,10.39,1054.0,2.3
"03-05-2024 13:10:00",12508,12.57,10.39,1054.0,2.2
"03-05-2024 13:20:00",12509,12.63,10.39,1054.0,2.3
"03-05-2024 13:30:00",12510,12.63,10.39,1054.0,2.3
"03-05-2024 13:40:00",12511,12.57,10.39,1054.0,2.3
"03-05-2024 13:50:00",12512,12.62,10.39,1054.0,2.3
"03-05-2024 14:00:00",12513,12.61,10.39,1054.0,2.3
"03-05-2024 14:10:00",12514,12.61,10.39,1054.0,2.2
"03-05-2024 14:20:00",12515,12.56,10.39,1054.0,2.2
"03-05-2024 14:30:00",12516,12.6,10.39,1054.0,2.2
"03-05-2024 14:40:00",12517,12.53,10.39,1054.0,2.2
"03-05-2024 14:50:00",12518,12.58,10.39,1054.0,2.2
"03-05-2024 15:00:00",12519,12.52,10.39,1054.0,2.2
"03-05-2024 15:10:00",12520,12.57,10.39,1054.0,2.2
"03-05-2024 15:20:00",12521,12.52,10.39,1054.0,2.2
"03-05-2024 15:30:00",12522,12.56,10.39,1054.0,2.2
"03-05-2024 15:40:00",12523,12.49,10.39,1054.0,2.2
"03-05-2024 15:50:00",12524,12.55,10.39,1054.0,2.2
"03-05-2024 16:00:00",12525,12.54,10.39,1054.0,2.2
"03-05-2024 16:10:00",12526,12.54,10.39,1054.0,2.2
"03-05-2024 16:20:00",12527,12.53,10.39,1054.0,2.2
"03-05-2024 16:30:00",12528,12.46,10.39,1054.0,2.2
"03-05-2024 16:40:00",12529,12.52,10.39,1054.0,2.2
"03-05-2024 16:50:00",12530,12.51,10.39,1054.0,2.2
"03-05-2024 17:00:00",12531,12.45,10.39,1054.0,2.2
"03-05-2024 17:10:00",12532,12.5,10.39,1054.0,2.2
"03-05-2024 17:20:00",12533,12.39,10.39,1054.0,2.3
"03-05-2024 17:30:00",12534,12.49,10.39,1054.0,2.2
"03-05-2024 17:40:00",12535,12.49,10.39,1054.0,2.2
"03-05-2024 17:50:00",12536,12.4,10.39,1054.0,2.2
"03-05-2024 18:00:00",12537,12.48,10.39,1054.0,2.3
"03-05-2024 18:10:00",12538,12.47,10.39,1054.0,2.2
"03-05-2024 18:20:00",12539,12.39,10.39,1054.0,2.2
"03-05-2024 18:30:00",12540,12.46,10.39,1054.0,2.2
"03-05-2024 18:40:00",12541,12.46,10.39,1054.0,2.2
"03-05-2024 18:50:00",12542,12.38,10.39,1054.0,2.4
"03-05-2024 19:00:00",12543,12.45,10.39,1054.0,2.4
"03-05-2024 19:10:00",12544,12.44,10.39,1054.0,2.4
"03-05-2024 19:20:00",12545,12.38,10.39,1054.0,2.4
"03-05-2024 19:30:00",12546,12.43,10.39,1054.0,2.4
"03-05-2024 19:40:00",12547,12.42,10.39,1054.0,2.6
"03-05-2024 19:50:00",12548,12.37,10.39,1054.0,2.7
"03-05-2024 20:00:00",12549,12.35,10.39,1054.0,2.7
"03-05-2024 20:10:00",12550,12.41,10.39,1054.0,2.7
"03-05-2024 20:20:00",12551,12.31,10.39,1054.0,2.7
"03-05-2024 20:30:00",12552,12.34,10.39,1054.0,2.6
"03-05-2024 20:40:00",12553,12.39,10.39,1054.0,2.7
"03-05-2024 20:50:00",12554,12.39,10.39,1054.0,2.8
"03-05-2024 21:00:00",12555,12.32,10.39,1054.0,2.8
"03-05-2024 21:10:00",12556,12.38,10.39,1054.0,3.3
"03-05-2024 21:20:00",12557,12.37,10.39,1054.0,3.8
"03-05-2024 21:30:00",12558,12.32,10.39,1054.0,4.1
"03-05-2024 21:40:00",12559,12.36,10.39,1054.0,4.5
"03-05-2024 21:50:00",12560,12.36,10.39,1054.0,4.9
"03-05-2024 22:00:00",12561,12.35,10.39,1054.0,5.1
"03-05-2024 22:10:00",12562,12.29,10.39,1054.0,5.1
"03-05-2024 22:20:00",12563,12.34,10.39,1054.0,4.9
"03-05-2024 22:30:00",12564,12.34,10.39,1054.0,5.0
"03-05-2024 22:40:00",12565,12.24,10.39,1054.0,4.9
"03-05-2024 22:50:00",12566,12.33,10.39,1054.0,5.0
"03-05-2024 23:00:00",12567,12.33,10.39,1054.0,5.1
"03-05-2024 23:10:00",12568,12.26,10.39,1054.0,5.3
"03-05-2024 23:20:00",12569,12.32,10.39,1054.0,5.5
"03-05-2024 23:30:00",12570,12.31,10.39,1054.0,5.7
"03-05-2024 23:40:00",12571,12.24,10.39,1054.0,5.7
"03-05-2024 23:50:00",12572,12.29,10.39,1054.0,6.0
"04-05-2024 00:00:00",12573,12.3,10.39,1054.0,6.0
"04-05-2024 00:10:00",12574,12.24,10.39,1054.0,6.1
"04-05-2024 00:20:00",12575,12.29,10.39,1054.0,6.4
"04-05-2024 00:30:00",12576,12.28,10.39,1054.0,6.3
"04-05-2024 00:40:00",12577,12.23,10.39,1054.0,6.4
"04-05-2024 00:50:00",12578,12.27,10.39,1054.0,6.3
"04-05-2024 01:00:00",12579,12.27,10.39,1054.0,6.2
"04-05-2024 01:10:00",12580,12.22,10.39,1054.0,6.1
"04-05-2024 01:20:00",12581,12.26,10.39,1054.0,6.2
"04-05-2024 01:30:00",12582,12.26,10.39,1054.0,6.0
"04-05-2024 01:40:00",12583,12.25,10.39,1054.0,5.7
"04-05-2024 01:50:00",12584,12.25,10.39,1054.0,5.5
"04-05-2024 02:00:00",12585,12.24,10.39,1054.0,5.4
"04-05-2024 02:10:00",12586,12.24,10.39,1054.0,5.2
"04-05-2024 02:20:00",12587,12.24,10.39,1054.0,5.2
"04-05-2024 02:30:00",12588,12.19,10.39,1054.0,5.4
"04-05-2024 02:40:00",12589,12.23,10.39,1054.0,5.2
"04-05-2024 02:50:00",12590,12.16,10.39,1054.0,5.1
"04-05-2024 03:00:00",12591,12.22,10.39,1054.0,5.4
"04-05-2024 03:10:00",12592,12.17,10.39,1054.0,5.5
"04-05-2024 03:20:00",12593,12.21,10.39,1054.0,5.5
"04-05-2024 03:30:00",12594,12.21,10.39,1054.0,5.3
"04-05-2024 03:40:00",12595,12.14,10.39,1054.0,5.3
"04-05-2024 03:50:00",12596,12.2,10.39,1054.0,5.7
"04-05-2024 04:00:00",12597,12.15,10.39,1054.0,5.5
"04-05-2024 04:10:00",12598,12.2,10.39,1054.0,6.1
"04-05-2024 04:20:00",12599,12.13,10.39,1054.0,6.5
"04-05-2024 04:30:00",12600,12.19,10.39,1054.0,6.5
"04-05-2024 04:40:00",12601,12.14,10.39,1054.0,6.5
"04-05-2024 04:50:00",12602,12.19,10.39,1054.0,6.3
"04-05-2024 05:00:00",12603,12.18,10.39,1054.0,6.3
"04-05-2024 05:10:00",12604,12.11,10.39,1054.0,6.4
"04-05-2024 05:20:00",12605,12.18,10.39,1054.0,6.5
"04-05-2024 05:30:00",12606,12.09,10.39,1054.0,6.2
"04-05-2024 05:40:00",12607,12.17,10.39,1054.0,5.9
"04-05-2024 05:50:00",12608,12.17,10.39,1054.0,5.8
"04-05-2024 06:00:00",12609,12.09,10.39,1054.0,5.6
"04-05-2024 06:10:00",12610,12.16,10.39,1054.0,5.3
"04-05-2024 06:20:00",12611,12.09,10.39,1054.0,5.1
"04-05-2024 06:30:00",12612,12.16,10.39,1054.0,4.9
"04-05-2024 06:40:00",12613,12.15,10.39,1054.0,4.8
"04-05-2024 06:50:00",12614,12.15,10.39,1054.0,4.7
"04-05-2024 07:00:00",12615,12.15,10.39,1054.0,4.6
"04-05-2024 07:20:00",12617,12.14,10.39,1054.0,4.5
"04-05-2024 07:30:00",12618,12.09,10.39,1054.0,4.4
"04-05-2024 07:40:00",12619,12.14,10.39,1054.0,4.4
"04-05-2024 07:50:00",12620,12.14,10.39,1054.0,4.3
"04-05-2024 08:00:00",12621,12.07,10.39,1054.0,4.3
"04-05-2024 08:10:00",12622,12.13,10.39,1054.0,4.3
"04-05-2024 08:20:00",12623,12.05,10.39,1054.0,4.2
"04-05-2024 08:30:00",12624,12.13,10.39,1054.0,4.2
"04-05-2024 08:40:00",12625,12.07,10.39,1054.0,4.1
"04-05-2024 08:50:00",12626,12.12,10.39,1054.0,4.1
"04-05-2024 09:00:00",12627,12.12,10.39,1054.0,4.0
"04-05-2024 09:10:00",12628,12.04,10.39,1054.0,4.0
"04-05-2024 09:20:00",12629,12.11,10.39,1054.0,3.9
"04-05-2024 09:30:00",12630,12.06,10.39,1054.0,3.9
"04-05-2024 09:40:00",12631,12.11,10.39,1054.0,3.8
"04-05-2024 09:50:00",12632,12.1,10.39,1054.0,3.8
"04-05-2024 10:00:00",12633,12.1,10.39,1054.0,3.7
"04-05-2024 10:10:00",12634,12.03,10.39,1054.0,3.7
"04-05-2024 10:20:00",12635,12.1,10.39,1054.0,3.7
"04-05-2024 10:30:00",12636,12.03,10.39,1054.0,3.6
"04-05-2024 10:40:00",12637,12.05,10.39,1054.0,3.6
"04-05-2024 10:50:00",12638,12.09,10.39,1054.0,3.6
"04-05-2024 11:00:00",12639,12.09,10.39,1054.0,3.6
"04-05-2024 11:10:00",12640,12.09,10.39,1054.0,3.5
"04-05-2024 11:20:00",12641,12.08,10.39,1054.0,3.4
"04-05-2024 11:30:00",12642,12.08,10.39,1054.0,3.3
"04-05-2024 11:40:00",12643,11.95,10.39,1054.0,3.3
"04-05-2024 11:50:00",12644,12.08,10.39,1054.0,3.2
"04-05-2024 12:00:00",12645,12.0,10.39,1054.0,3.1
"04-05-2024 12:10:00",12646,12.08,10.39,1054.0,3.0
"04-05-2024 12:20:00",12647,11.99,10.39,1054.0,2.6
"04-05-2024 12:30:00",12648,12.08,10.39,1054.0,3.0
"04-05-2024 12:40:00",12649,12.02,10.39,1054.0,3.1
"04-05-2024 12:50:00",12650,11.97,10.39,1054.0,3.1
"04-05-2024 13:00:00",12651,12.06,10.39,1054.0,3.1
"04-05-2024 13:10:00",12652,12.06,10.39,1054.0,3.0
"04-05-2024 13:20:00",12653,12.06,10.39,1054.0,2.9
"04-05-2024 13:30:00",12654,12.06,10.39,1054.0,2.8
"04-05-2024 13:40:00",12655,12.05,10.39,1054.0,2.6
"04-05-2024 13:50:00",12656,11.97,10.39,1054.0,3.1
"04-05-2024 14:00:00",12657,11.98,10.39,1054.0,3.5
"04-05-2024 14:10:00",12658,12.05,10.39,1054.0,4.2
"04-05-2024 14:20:00",12659,12.0,10.39,1054.0,5.1
"04-05-2024 14:30:00",12660,12.04,10.39,1054.0,5.2
"04-05-2024 14:40:00",12661,12.05,10.39,1054.0,5.5
"04-05-2024 14:50:00",12662,11.99,10.39,1054.0,5.4
"04-05-2024 15:00:00",12663,11.92,10.39,1054.0,5.2
"04-05-2024 15:10:00",12664,11.95,10.39,1054.0,5.3
"04-05-2024 15:20:00",12665,12.03,10.39,1054.0,5.3
"04-05-2024 15:30:00",12666,12.03,10.39,1054.0,5.1
"04-05-2024 15:40:00",12667,11.94,10.39,1054.0,5.0
"04-05-2024 15:50:00",12668,12.02,10.39,1054.0,5.0
"04-05-2024 16:00:00",12669,11.96,10.39,1054.0,4.9
"04-05-2024 16:10:00",12670,12.02,10.39,1054.0,4.8
"04-05-2024 16:20:00",12671,11.93,10.39,1054.0,4.7
"04-05-2024 16:30:00",12672,12.01,10.39,1054.0,4.6
"04-05-2024 16:40:00",12673,11.95,10.39,1054.0,4.5
"04-05-2024 16:50:00",12674,12.0,10.39,1054.0,4.4
"04-05-2024 17:00:00",12675,12.0,10.39,1054.0,4.4
"04-05-2024 17:10:00",12676,11.92,0.0,0.0,4.3
"04-05-2024 17:20:00",12677,11.99,0.0,0.0,4.3
"04-05-2024 17:30:00",12678,11.91,2.119,85.1,4.2
"04-05-2024 17:40:00",12679,11.98,0.0,0.0,4.1
"04-05-2024 17:50:00",12680,11.97,9.07,374.5,4.1
"04-05-2024 18:00:00",12681,11.98,19.61,907.0,4.1
"04-05-2024 18:10:00",12682,11.85,5.27,252.7,4.0
"04-05-2024 18:20:00",12683,11.97,8.3,379.4,3.9
"04-05-2024 18:30:00",12684,11.96,0.0,0.0,3.9
"04-05-2024 18:40:00",12685,11.9,0.0,0.0,3.8
"04-05-2024 18:50:00",12686,11.96,0.0,0.0,3.8
"04-05-2024 19:00:00",12687,11.89,0.0,-0.005,3.7
"04-05-2024 19:10:00",12688,11.94,0.0,0.0,3.7
"04-05-2024 19:20:00",12689,11.9,0.0,0.0,3.6
"04-05-2024 19:30:00",12690,11.84,0.0,0.0,3.5
"04-05-2024 19:40:00",12691,11.93,0.0,0.0,3.4
"04-05-2024 19:50:00",12692,11.92,0.0,0.0,3.4
"04-05-2024 20:00:00",12693,11.84,0.0,0.0,3.3
"04-05-2024 20:10:00",12694,11.91,0.0,0.0,3.2
"04-05-2024 20:20:00",12695,11.9,0.0,0.0,3.2
"04-05-2024 20:30:00",12696,11.89,0.0,0.0,3.1
"04-05-2024 20:40:00",12697,11.89,0.0,0.0,3.0
"04-05-2024 20:50:00",12698,11.81,0.0,0.0,2.9
"04-05-2024 21:00:00",12699,11.86,0.0,0.0,2.8
"04-05-2024 21:10:00",12700,11.86,0.0,0.0,2.8
"04-05-2024 21:20:00",12701,11.76,2.817,233.7,2.6
"04-05-2024 21:30:00",12702,11.84,2.727,226.3,2.6
"04-05-2024 21:40:00",12703,11.84,0.0,-0.005,2.5
"04-05-2024 21:50:00",12704,11.76,2.732,237.4,2.5
"04-05-2024 22:00:00",12705,11.82,2.522,230.7,2.4
"04-05-2024 22:10:00",12706,11.81,0.0,-0.001,2.4
"04-05-2024 22:20:00",12707,11.71,2.208,201.8,2.4
"04-05-2024 22:30:00",12708,11.8,2.447,224.2,2.4
"04-05-2024 22:40:00",12709,11.73,-0.222,-18.44,2.4
"04-05-2024 22:50:00",12710,11.77,2.443,223.1,2.4
"04-05-2024 23:00:00",12711,11.78,2.373,217.1,2.4
"04-05-2024 23:10:00",12712,11.68,0.889,78.29,2.4
"04-05-2024 23:20:00",12713,11.76,1.176,96.0,2.5
"04-05-2024 23:30:00",12714,11.76,2.441,212.4,2.5
"04-05-2024 23:40:00",12715,11.64,1.459,117.5,2.5
"04-05-2024 23:50:00",12716,11.74,0.0,0.0,2.6
"05-05-2024 00:00:00",12717,11.74,2.933,222.1,2.8
"05-05-2024 00:10:00",12718,11.61,0.0,0.0,2.8
"05-05-2024 00:20:00",12719,11.72,0.0,0.0,2.8
"05-05-2024 00:30:00",12720,11.72,0.005,0.315,2.9
"05-05-2024 00:40:00",12721,11.64,3.151,219.1,3.0
"05-05-2024 00:50:00",12722,11.69,0.0,0.0,3.2
"05-05-2024 01:00:00",12723,11.7,3.4,209.6,3.3
"05-05-2024 01:10:00",12724,11.59,3.57,204.4,3.5
"05-05-2024 01:20:00",12725,11.68,1.366,63.06,3.8
"05-05-2024 01:30:00",12726,11.68,0.0,0.0,4.1
"05-05-2024 01:40:00",12727,11.59,0.0,0.0,4.4
"05-05-2024 01:50:00",12728,11.67,5.768,214.0,4.7
"05-05-2024 02:00:00",12729,11.62,1.683,51.58,4.8
"05-05-2024 02:10:00",12730,11.53,0.0,0.0,4.9
"05-05-2024 02:20:00",12731,11.66,0.0,0.0,5.1
"05-05-2024 02:30:00",12732,11.65,0.0,0.001,5.1
"05-05-2024 02:40:00",12733,11.51,0.0,0.0,5.2
"05-05-2024 02:50:00",12734,11.64,0.0,0.005,5.1
"05-05-2024 03:00:00",12735,11.63,6.206,208.2,5.0
"05-05-2024 03:10:00",12736,11.49,0.0,0.0,5.1
"05-05-2024 03:20:00",12737,11.62,0.0,0.0,5.1
"05-05-2024 03:30:00",12738,11.62,6.741,233.7,4.9
"05-05-2024 03:40:00",12739,11.49,5.672,203.6,4.8
"05-05-2024 03:50:00",12740,11.61,5.887,216.3,4.7
"05-05-2024 04:00:00",12741,11.56,5.877,218.2,4.7
"05-05-2024 04:10:00",12742,11.44,5.744,213.2,4.7
"05-05-2024 04:20:00",12743,11.58,6.097,226.3,4.7
"05-05-2024 04:30:00",12744,11.59,-0.12,-3.239,5.3
"05-05-2024 04:40:00",12745,11.57,3.569,99.1,5.5
"05-05-2024 04:50:00",12746,11.41,0.077,2.014,5.7
"05-05-2024 05:00:00",12747,11.46,-0.006,-0.135,5.9
"05-05-2024 05:10:00",12748,11.5,9.18,254.9,5.7
"05-05-2024 05:20:00",12749,11.39,7.524,220.1,5.5
"05-05-2024 05:30:00",12750,11.55,0.0,0.0,5.3
"05-05-2024 05:40:00",12751,11.57,0.0,0.0,5.1
"05-05-2024 05:50:00",12752,11.47,3.217,223.1,4.9
"05-05-2024 06:00:00",12753,11.39,0.0,0.007,4.9
"05-05-2024 06:10:00",12754,11.43,5.326,212.4,5.2
"05-05-2024 06:20:00",12755,11.55,0.172,4.778,5.4
"05-05-2024 06:30:00",12756,11.41,7.117,219.3,5.3
"05-05-2024 07:10:00",12760,11.5,11.19,250.0,6.6
"05-05-2024 07:30:00",12762,11.3,-0.006,-0.13,6.5
"05-05-2024 07:40:00",12763,11.37,2.09,46.83,6.3
"05-05-2024 08:00:00",12765,11.26,10.25,254.5,6.1
"13-05-2024 13:20:00",12766,12.02,-0.04,-3.552,2.3
"13-05-2024 13:30:00",12767,12.04,14.52,1397.0,2.3
"13-05-2024 13:40:00",12768,12.05,9.25,1690.0,2.3
"13-05-2024 13:50:00",12769,11.97,0.0,0.0,2.3
"13-05-2024 14:00:00",12770,11.92,0.0,0.0,2.3
"13-05-2024 14:10:00",12771,11.68,0.001,0.073,2.3
"13-05-2024 14:20:00",12772,11.58,0.48,42.06,2.3
"13-05-2024 14:30:00",12773,11.55,13.7,1212.0,2.3
"13-05-2024 14:40:00",12774,11.47,0.0,0.0,2.3
"13-05-2024 14:50:00",12775,11.52,0.0,0.0,2.3
"13-05-2024 15:00:00",12776,11.51,4.684,453.0,2.3
"13-05-2024 15:10:00",12777,11.5,0.0,0.012,2.3
"13-05-2024 15:20:00",12778,11.52,0.0,-0.033,2.3
"13-05-2024 15:30:00",12779,11.38,7.098,615.4,2.3
"13-05-2024 15:40:00",12780,11.51,0.0,0.0,2.3
"13-05-2024 15:50:00",12781,11.51,0.416,37.22,2.3
"13-05-2024 16:00:00",12782,11.34,2.263,205.7,2.3
"13-05-2024 16:10:00",12783,11.5,0.0,0.0,2.3
"13-05-2024 16:20:00",12784,11.5,2.139,180.2,2.3
"13-05-2024 16:30:00",12785,11.36,0.0,0.0,2.3
"13-05-2024 16:40:00",12786,11.48,14.59,1280.0,2.3
"13-05-2024 16:50:00",12787,11.49,0.0,0.0,2.3
"13-05-2024 17:00:00",12788,11.48,0.0,0.0,2.3
"13-05-2024 17:10:00",12789,11.25,0.0,0.0,2.3
"13-05-2024 17:20:00",12790,11.48,0.0,0.0,2.3
"13-05-2024 17:30:00",12791,11.47,0.0,0.0,2.3
"13-05-2024 17:40:00",12792,11.37,0.0,0.0,2.3
"13-05-2024 17:50:00",12793,11.45,0.0,0.0,2.3
"13-05-2024 18:00:00",12794,11.3,0.0,0.0,2.3
"13-05-2024 18:10:00",12795,11.21,0.0,0.0,2.3
"13-05-2024 18:20:00",12796,11.17,0.0,0.0,2.3
"13-05-2024 18:30:00",12797,11.38,0.0,0.0,2.3
"13-05-2024 18:40:00",12798,11.16,0.0,0.0,2.3
"13-05-2024 18:50:00",12799,11.0,0.0,0.0,2.3
"13-05-2024 19:00:00",12800,11.15,0.0,0.0,2.3
"13-05-2024 19:10:00",12801,11.22,0.0,0.0,2.3
"13-05-2024 19:20:00",12802,11.39,0.0,0.0,2.3
